999983 0.0003710
999979 0.0003901
999961 0.0002282
999959 0.0003622
999953 0.0003700
999931 0.0002441
999917 0.0003719
999907 0.0003719
999883 0.0003920
999863 0.0002708
999853 0.0003901
999809 0.0003719
999773 0.0002451
999769 0.0003562
999763 0.0004020
999749 0.0002351
999727 0.0003731
999721 0.0003719
999683 0.0002689
999671 0.0004098
999667 0.0003772
999653 0.0002470
999631 0.0003519
999623 0.0004039
999613 0.0002470
999611 0.0003729
999599 0.0003729
999563 0.0003209
999553 0.0003719
999541 0.0003562
