999983 0.1087401
999979 0.0993721
999961 0.1044512
999959 0.1052551
999953 0.1010818
999931 0.1000929
999917 0.1046190
999907 0.1106231
999883 0.1072090
999863 0.1263990
999853 0.1090550
999809 0.1061089
999773 0.1104281
999769 0.1034520
999763 0.1054318
999749 0.1043692
999727 0.1054981
999721 0.1490998
999683 0.1056130
999671 0.1054771
999667 0.1024740
999653 0.1045480
999631 0.1143000
999623 0.1013260
999613 0.1022110
999611 0.1042302
999599 0.1053100
999563 0.0999880
999553 0.1030481
999541 0.1034801
