999983 0.1070020
999979 0.1082461
999961 0.1076190
999959 0.1073790
999953 0.1067078
999931 0.1055748
999917 0.1083298
999907 0.1068609
999883 0.1024861
999863 0.1037519
999853 0.1078880
999809 0.1052539
999773 0.1159949
999769 0.1018181
999763 0.1009581
999749 0.1062951
999727 0.1050589
999721 0.1070070
999683 0.1041510
999671 0.1055892
999667 0.1045408
999653 0.1046460
999631 0.1082392
999623 0.1157329
999613 0.1030521
999611 0.1067221
999599 0.1078598
999563 0.1041911
999553 0.1028068
999541 0.1025472
