999983 0.2027221
999979 0.2096710
999961 0.2065880
999959 0.2030931
999953 0.2052178
999931 0.2069890
999917 0.2103660
999907 0.2057700
999883 0.2027841
999863 0.2053170
999853 0.2077918
999809 0.2021990
999773 0.2035789
999769 0.2104990
999763 0.2088380
999749 0.2050109
999727 0.2027571
999721 0.2196319
999683 0.2136090
999671 0.2172370
999667 0.2122059
999653 0.2057929
999631 0.2036729
999623 0.2090399
999613 0.2046049
999611 0.2076070
999599 0.2119761
999563 0.2015378
999553 0.2073779
999541 0.2020109
